stage_1:
  threshold: 0.48490262031555176
  precision: 0.8500130559665767
  recall: 0.9114139057396173
  f1: 0.87964330751216
  roc_auc: 0.972654317081603
  forwarded: 48829
stage_2:
  conditional_macro_f1: 0.7867667928578921
cascade:
  end_to_end_macro_f1: 0.7678314610042668
  false_negative_rate: 0.08858609426038264
